72,12
70,27
79,21
79,20
74,26
132,35
94,2
94,1
3,1
94,0
93,5
3,3
93,4
93,3
93,2
93,1
93,0
92,4
92,3
92,2
92,1
92,0
91,4
91,3
91,2
91,1
91,0
90,4
90,3
90,2
90,1
90,0
89,4
10,192
89,3
89,2
89,1
10,103
89,0
10,253
10,193
88,4
10,299
88,3
88,2
88,1
10,153
88,0
87,3
87,2
87,1
10,281
87,0
11,28
11,17
11,22
11,6
86,4
86,3
86,2
86,1
86,0
9,5
85,4
85,3
85,2
85,1
9,2
9,3
85,0
84,4
84,3
84,2
84,1
84,0
83,3
83,2
83,1
8,4
83,0
82,5
82,4
82,3
82,2
8,17
82,1
8,6
8,14
82,0
8,10
81,7
81,6
81,5
81,4
81,3
8,13
81,2
81,1
8,5
81,0
80,7
80,6
80,5
80,4
80,3
80,2
8,2
80,1
8,3
80,0
79,24
79,23
79,22
79,19
79,18
12,2
79,1
76,19
76,18
76,17
76,16
76,15
76,11
76,10
76,9
76,8
76,7
76,6
76,5
76,4
76,3
76,1
74,25
74,24
74,1
72,11
72,1
70,26
70,25
70,24
70,23
70,22
70,21
70,20
70,19
70,18
70,17
70,3
70,1
20,2
14,9
14,8
20,1
12,1
20,3
12,3
11,25
11,15
11,14
11,9
11,8
11,1
19,2
19,1
11,7
11,3
19,3
11,2
10,262
